Results of Photometric1

	Plate:1 - Wavelength:600

	Iteration: 1
	0.681319440749309	0.233573241352753	0.290986476405693	0.593306975102628	0.493189147986962	0.72730808912869	0.742894454399393	0.787448906750951	0.322393200420052	0.600183693550078	0.846900955464502	0.189363173394053
	0.641777011529053	0.19248741798433	0.212244424714949	0.69541276315597	0.499056502848118	0.739994229652088	0.673461224861248	0.653990202887194	0.319663538911438	0.6544348073741	0.65102785779177	0.243691072887659
	0.215322036595645	0.277881850116235	0.215039929850434	0.999038521242269	0.785748685512188	0.455817894864795	0.256145054787929	0.165619568414246	0.239114531171045	0.942302631680594	0.204824984248925	0.175120482057168
	0.197117206972441	0.239340132354209	0.198093163975593	0.736591270552134	0.749074272185875	0.410975627329038	0.236739194129815	0.206568186237522	0.216320738328983	0.670755355743031	0.206791496684958	0.227852528196756
	0.367991971994869	0.688519136073608	0.766179944142654	0.582318694310937	0.608702549621839	0.513954197662958	0.671322385811669	0.619025344899407	0.69341064234501	0.573624944617124	0.415402645891246	0.526307536140013
	0.485271608136216	0.539505720089708	0.503779069731629	0.559353572601107	0.512036529374256	0.632985878003304	0.4905949866547	0.53976830665015	0.621362435564946	0.406483442097841	0.584715749404488	0.441019797002138
	0.441863313095108	0.299638939479527	0.377027822229663	0.630463512146561	0.578134255095451	0.662236697529757	0.622889272652525	0.41340339901201	0.57592600246888	0.540787151989017	0.497432458154208	0.532248058931128
	0.379314236232224	0.374697434400989	0.574724944107583	0.428832096104089	0.614351063308198	0.498710313525759	0.363336528732701	0.540398875439598	0.586970867971485	0.451585528194427	0.4697090021918	0.466621061275113

	Iteration: 2
	0.590379686958552	0.1815242932065	0.253762646651589	0.551294941784376	0.439365000720343	0.718197546214358	0.716743193889936	0.753550273998366	0.271159667978298	0.57608826747473	0.854489643183634	0.188579217511604
	0.531911034150554	0.151988973856654	0.184143503516472	0.648186899422094	0.413421639894216	0.717401695195446	0.642134783661477	0.626675660005691	0.257169673371728	0.615754228079042	0.640790579875041	0.193220300004089
	0.14809168403393	0.218529150982597	0.183041144430578	0.964484366114037	0.76454397241752	0.39853517230453	0.204371211325762	0.15713488960635	0.199497947749344	0.904513768583419	0.165885280266044	0.175142178262007
	0.132043595052006	0.180479384419558	0.157137863262706	0.75483664139225	0.715667990994646	0.359653842249851	0.182354848782752	0.158694091587795	0.176159396269107	0.664474581519017	0.163468927976017	0.18530260384328
	0.331642006390673	0.647314504019182	0.705881803846278	0.525002853085884	0.544330711028949	0.486641115385048	0.661479993998051	0.609057646569585	0.652655391059186	0.522479663523166	0.387611466774595	0.479385230315991
	0.428449814163727	0.552096028723893	0.480738777772377	0.522028860942633	0.426657361491122	0.560612186674789	0.47003282033126	0.510425015294451	0.569395484552376	0.394220533022599	0.521932419637852	0.502822265726701
	0.374815228076692	0.276231815445487	0.358185876751063	0.595688889294455	0.556459253059224	0.606755526712033	0.576416102890053	0.435982646402936	0.548109678857148	0.504767117632561	0.466204042723166	0.482214716259712
	0.323247625028541	0.344792253136487	0.487157067619444	0.388316778739296	0.578222066431512	0.465604674214567	0.336947807330617	0.501905712804694	0.566424534908061	0.380510213631225	0.447683026047723	0.453521764415938

	Iteration: 3
	0.590139455304219	0.179472670973107	0.247226756437643	0.539045500585266	0.431529838863721	0.716217110790554	0.717198640790316	0.76812311026941	0.256032270135229	0.588895281332102	0.842161134180059	0.18839766963302
	0.556532346141672	0.15191551457879	0.1877960359829	0.638197402737303	0.396128048495741	0.697331308168099	0.6459358688947	0.632952078760013	0.249696378229938	0.61654657564962	0.639746752282721	0.184367604214406
	0.145601771939607	0.208617612275342	0.179194137236319	0.988106060268452	0.766520943800707	0.37933606012539	0.196430456770938	0.150148015844433	0.198784514312176	0.888759988321868	0.160362554884814	0.173734792498058
	0.132609797308135	0.179601044394222	0.154498740297545	0.769967695300529	0.728545525469907	0.344976442607267	0.175922722336235	0.150402083377638	0.175019454007407	0.677853606271142	0.158845125518629	0.179909922262594
	0.333132488907541	0.623787057326484	0.676640184272483	0.488680538501663	0.527986175764804	0.471447004929286	0.653475180454018	0.613533788716487	0.619464855809631	0.509347739967919	0.388510256601168	0.470566118791244
	0.409608833197552	0.52724644015914	0.444537430477512	0.474978634692363	0.381950945196257	0.531586947445992	0.46718782975993	0.4834989416158	0.55901885737765	0.388848796905743	0.505188415506559	0.506000367118295
	0.349864363131327	0.249968049035625	0.315078299856957	0.541955511378088	0.52977651768943	0.54866603876145	0.530496693149599	0.398612943669046	0.504760496714555	0.472060637194845	0.435720512040226	0.458130987026905
	0.301717242109216	0.317469382900186	0.40452264143953	0.33487697958782	0.527542183219221	0.405713238502619	0.297209924015571	0.433886613979332	0.511585670849486	0.3397832252479	0.391378957204829	0.4391736795555

	Iteration: 4
	0.583448900295552	0.180915766350562	0.245490667369211	0.538454096643609	0.434692710450959	0.723717630045863	0.706650479892553	0.756921245687213	0.263159849866026	0.579494184400133	0.856211363525173	0.188855520451886
	0.534166600538959	0.149296160272915	0.180258535124884	0.638889327608589	0.399290662164684	0.710057409064447	0.637560509588234	0.630505962408738	0.25449876941647	0.61178014488752	0.634595272363209	0.189025738913652
	0.143173276141497	0.19907131911342	0.175017594815684	0.966561702594754	0.751986843584289	0.384217343601718	0.196687697993347	0.151843830303227	0.19454844643163	0.863972026710727	0.16213129393713	0.174950669213883
	0.129097022140377	0.170926262858027	0.150410867171442	0.745500573835017	0.688339247493707	0.354085676658828	0.178335875262995	0.153740981721402	0.173525992021102	0.667484182844978	0.160344580285403	0.184368237431046
	0.321890563837037	0.604978947415221	0.656227174701276	0.477740888906541	0.539953504103501	0.481978429811063	0.663891583220691	0.615461955150056	0.610876383378656	0.517806938252872	0.394407416005398	0.477935043182109
	0.396233236256782	0.508967847644252	0.430259734247457	0.462954384747761	0.375183539370753	0.524132467621856	0.476715552291773	0.473544295736069	0.561132033717078	0.398746743002506	0.517551841231244	0.498179155785197
	0.33316013873373	0.239738453571495	0.270171750752127	0.532475239884901	0.544001574270608	0.544927272467717	0.528226511960969	0.395185590016465	0.524930716675722	0.468891367478622	0.444311557145598	0.463172118732216
	0.298921172199087	0.313629648029716	0.395659138633379	0.322986154625691	0.541128258836992	0.391842244970184	0.278431947155683	0.428689812348481	0.499463137693467	0.318452967191712	0.384349790531234	0.430983138054251

	Iteration: 5
	0.589450132072962	0.181413588520225	0.243007814927693	0.535514782526606	0.432620823341994	0.720308846502542	0.717285035316405	0.761687393284613	0.260548548247424	0.584879740159336	0.855162676202967	0.191169409292268
	0.55652190351955	0.152784304412716	0.182036039946884	0.636230367991695	0.389027295626925	0.695460007368995	0.647121488739748	0.632994772978223	0.255780664270455	0.614155117794151	0.643583409946865	0.186811717867384
	0.14492817158586	0.203992104092492	0.174005517681451	0.988368080495395	0.758559580278305	0.373225746520753	0.192703602563063	0.147717897025057	0.195813698791969	0.846380147095676	0.160162479630198	0.172865657565892
	0.131121166792368	0.174798885471178	0.152286464030388	0.748781531667963	0.724518561402383	0.345778255653063	0.175317027243219	0.149884738625113	0.173834286021778	0.674924340232798	0.158645747948992	0.180971680037122
	0.31560137661123	0.59331996446566	0.628406118673421	0.453217077661806	0.519559831683361	0.474735129906781	0.676009206460748	0.61801873266235	0.596648270023547	0.513866293792111	0.39934155968082	0.478170384895465
	0.392597421727823	0.494457146893387	0.421379700450841	0.442498461206706	0.348466019637294	0.502534976391221	0.487854449514624	0.426838819580369	0.547973625583189	0.376325815681209	0.514687874264719	0.489614328299512
	0.334646899276838	0.231424778954276	0.258432452500141	0.516639085467317	0.559508259145009	0.537594918329692	0.514847769022158	0.385379637928856	0.528637627395562	0.45790387758366	0.445293115676822	0.45784444445908
	0.288378296863486	0.297670803740247	0.381504066245585	0.315186972631209	0.543339706556887	0.373704330629341	0.274822695389865	0.402228570640766	0.490391247436463	0.297745609320553	0.367143298108752	0.418631133370395

	Iteration: 6
	0.588612499861456	0.185693681710713	0.242634725550326	0.539112854281352	0.435848169788828	0.724975644135644	0.710780315560323	0.761340603427261	0.267948483950773	0.579804140207153	0.870399357655922	0.190975845769464
	0.540890751056188	0.151712831420906	0.17903023009706	0.641082286773173	0.394382767491989	0.715853106754844	0.646298919336635	0.634863192207713	0.264158558654956	0.613855407044721	0.644203645712433	0.190468874046693
	0.143939918091356	0.202090962486995	0.172725080455458	0.984786084434905	0.748261590803804	0.378205637688909	0.195076430982326	0.151128224124498	0.195003746364904	0.82964943625982	0.164063145560164	0.1750058201196
	0.129965991463401	0.165991489146341	0.150136311244951	0.737298684576074	0.73604060218213	0.357662736130844	0.178817618360378	0.154794406012467	0.172951999398327	0.675328150956819	0.161393143415103	0.182770407526016
	0.313072317159358	0.589237757621697	0.611802170039191	0.446340556090333	0.511484796465853	0.485949481674339	0.706593572303331	0.632555578866698	0.604883888977805	0.52718369041249	0.401578623048828	0.486033180557693
	0.388538627093414	0.506650225182848	0.42102029862167	0.445761030144043	0.321814088852833	0.484988102130192	0.500016825191423	0.389550029042563	0.551684235953811	0.373052646604376	0.524470435686728	0.491453277691714
	0.340151081017215	0.23623014631999	0.256781978577711	0.518528022072963	0.584276622903029	0.547136300857319	0.509958403909877	0.376753589117455	0.525181858621364	0.448184908588556	0.453979784744335	0.465752320567578
	0.290112379773873	0.298825559461699	0.381806257700589	0.314983340405748	0.569827502902238	0.379842285280632	0.280806917860047	0.385444021668931	0.476328418605325	0.292151976680578	0.363694271933406	0.422861958033894

	Iteration: 7
	0.597113195612772	0.185464452129062	0.239895293907128	0.536442488914243	0.43331110356627	0.720430673119247	0.723919369444173	0.767009935158877	0.266110913406165	0.587186939261916	0.861147023108093	0.192937332009558
	0.561863887034203	0.153782290663596	0.185033624851102	0.64032896018182	0.387178929691343	0.700792467453854	0.654249811561248	0.636678678491633	0.264536142505838	0.622015889337669	0.655711368762571	0.186445717983354
	0.146087945340956	0.20524800367058	0.17249704772832	0.991086272550342	0.747336985245874	0.369653563197907	0.192889542832167	0.149207971477521	0.198507057090637	0.806055407861539	0.161046741613418	0.173596404631832
	0.133538212555946	0.167187067102293	0.151131156935609	0.741220465129066	0.796522879095358	0.350652043881868	0.176441585693852	0.150470016008881	0.176437855122346	0.682952997450252	0.15936489243606	0.179718805580234
	0.30918161514739	0.585707005945497	0.589929965709474	0.437063360112488	0.512861397873091	0.499925149662427	0.725085591549637	0.644874131084844	0.611771673972757	0.525767958625774	0.396009484997773	0.482992352244789
	0.379901879993369	0.53513970973788	0.423379859666147	0.443235663090132	0.305266902427675	0.46726070162981	0.517921576078479	0.397523340980283	0.556413016849328	0.378804662606938	0.525665125589556	0.486479847237329
	0.343786546321316	0.241108040435446	0.253990042307607	0.517591391916487	0.600492270852143	0.545417035983775	0.502097817958215	0.374875118779035	0.533147601215403	0.427302767459612	0.448821227386894	0.469849497391603
	0.286371520721783	0.30029917698881	0.381550927051397	0.3066316570798	0.571658736030416	0.382849085173048	0.280089588758066	0.395147522663558	0.459152663543134	0.282432396092182	0.349691987640911	0.416504600350593

	Iteration: 8
	0.587907954276544	0.185214406053389	0.236016138919883	0.539220355222161	0.436093423124306	0.727263881178459	0.712466807112005	0.759415581549067	0.271971610829456	0.571160085474841	0.866855151245846	0.192661002461363
	0.528371896070009	0.150787566264026	0.177998161569508	0.64298772354897	0.390136441805098	0.71021251992965	0.643763916616194	0.630712966877165	0.269244583444085	0.613511675573079	0.647962191300569	0.189422107251106
	0.14261787437461	0.194083910073066	0.167371528850906	0.962283994911613	0.718067688347644	0.373749377962328	0.193442669043685	0.150820975267706	0.193180880167196	0.764115488907096	0.163991240649338	0.174671304262663
	0.128695773774267	0.158689316667912	0.146695992990988	0.717358484178908	0.798349193056706	0.359888077528647	0.179126564967025	0.153955240749161	0.173444475889356	0.66628974700503	0.16159018137417	0.18162684601798
	0.302985156633359	0.585147353167311	0.563814972888006	0.435503692846721	0.517115658861013	0.526456455159896	0.73600451716297	0.658062778166398	0.623320534426031	0.522788740466938	0.402076968558065	0.486170177170834
	0.370438151008899	0.519600935867867	0.417328844791524	0.452707000191539	0.306618231615162	0.433716804061604	0.531926540010974	0.40729415763974	0.571933779064763	0.387492172878205	0.530741234667992	0.494184382541493
	0.347108084321705	0.241852640982268	0.245546068210251	0.517846512177382	0.596666268442318	0.538779054334907	0.494136569475023	0.373980563874994	0.547840539430293	0.412789021665189	0.442499608523717	0.475613377415248
	0.279159931465706	0.29999826846114	0.377372338624572	0.29630601673486	0.560062880138321	0.384397963067457	0.274136975320476	0.402997851437363	0.45553050935571	0.264341219526552	0.338036995678374	0.427097860628764

	Iteration: 9
	0.598290830660701	0.18526706876625	0.23664347901336	0.537182373764171	0.433893362765016	0.722817523916366	0.724215569835351	0.765368426814408	0.269019064080515	0.57871633629292	0.86069900696576	0.19503554438821
	0.557219126586682	0.154897936585304	0.184363804933955	0.643752974682114	0.386172020472445	0.70393986029764	0.651705255581315	0.631079447433247	0.271688148497656	0.620684023363321	0.656920256403954	0.186869669607861
	0.147064252326812	0.201954448406833	0.169746687185136	0.989838322328607	0.716296844707463	0.365316417593726	0.190885202818867	0.148524677531641	0.197788064203137	0.742848631144317	0.161002935764938	0.17326976179174
	0.130721402610846	0.166887103614945	0.148702545541516	0.747126385680027	0.855272476546098	0.354059469797991	0.177507353307606	0.15058365122973	0.176797380740755	0.672608712403798	0.15911628259825	0.179539670902684
	0.297081851811767	0.581170895719794	0.545145199893409	0.433183066317749	0.509331681453916	0.533149014835484	0.736521269855575	0.665558551569453	0.621402273295355	0.515056533818473	0.405324435521053	0.494037083479825
	0.369452788992543	0.524072934925299	0.413799505723954	0.466473119332564	0.307450555542255	0.419781606046163	0.540201993719037	0.407682610954822	0.573863973054434	0.390099831357782	0.530787628769611	0.49976410952349
	0.345407439539773	0.245837768123089	0.245969826747355	0.512095781403643	0.59641926437432	0.532799990392868	0.491504649322504	0.37103433605966	0.541341406679872	0.39531319142616	0.424178770043661	0.472313706098648
	0.268417738723509	0.296547803941964	0.373875731283401	0.290506758767441	0.560695019159646	0.384983485642668	0.265434985193059	0.385463137429336	0.437078089967612	0.253931324183542	0.336444227394898	0.406895481217317

	Iteration: 10
	0.595763994263411	0.188269225609482	0.234829599614432	0.541669974423403	0.435739714790443	0.728667467545405	0.71575623401539	0.768618772107497	0.27971086212488	0.574395273402253	0.869502923670549	0.19555307614483
	0.535779232996652	0.153006339221716	0.179981377636945	0.64691753724818	0.390567863906226	0.719044738961588	0.646979998701172	0.630923611144418	0.276191916038614	0.621920496607279	0.65645056804364	0.189534231775792
	0.144858787619438	0.194842196457278	0.166230098649721	0.999274143102567	0.711429830687188	0.372059390426871	0.193410340889614	0.152280582803672	0.194669034983982	0.720894361804233	0.164592829084575	0.176116524495668
	0.129144973822545	0.163080469189214	0.146596140498351	0.743525014937839	0.86573486989382	0.366089353130092	0.181106782133267	0.15545150423211	0.173423481787793	0.671711190208186	0.162844186020017	0.182199825531853
	0.302500319730368	0.570685124750774	0.528464184311957	0.440490717885671	0.508648406821018	0.535648409411996	0.730879443822863	0.682791360148077	0.637808678897976	0.526871470938528	0.412869388130157	0.502509946413658
	0.364769273053001	0.539926221999387	0.408606980432204	0.483318669216974	0.279344285378895	0.380306346817492	0.543212372930309	0.407519566435404	0.5838585926264	0.394522460901939	0.5348841638872	0.505677792834559
	0.348272032597758	0.249553616723029	0.248211453582598	0.510076350243657	0.590004081245286	0.530640028373303	0.495456590907903	0.363955591524676	0.530262118935521	0.405133849031104	0.420619735960039	0.475057772237616
	0.267005365266681	0.2955479240605	0.362243127402102	0.289983960653455	0.56317070553117	0.37631891956128	0.256402104080921	0.37840555083687	0.4448487750187	0.243654779514969	0.324745393956502	0.402501587821351

	Iteration: 11
	0.598754230646763	0.186705386984354	0.231991105185192	0.537286543536686	0.431677532578123	0.727217467673375	0.72629464840041	0.762044038473753	0.273401031799896	0.572348217641827	0.86457198569328	0.19633020652435
	0.552249628493285	0.155651791223191	0.181411701753112	0.645047858754968	0.386971909038251	0.710639892499333	0.65313030772069	0.630622722029165	0.275357216544746	0.62484729943299	0.659435136695036	0.187086898234446
	0.145890281201284	0.207901084272478	0.165114072971222	1.03801664320607	0.700220957533943	0.365296247402054	0.190536949912704	0.149662539866057	0.196678577977947	0.698453006991893	0.16182578308618	0.174852158620442
	0.131217523552547	0.165622600737434	0.146948629411885	0.769892103273618	0.874543231841957	0.360529789273305	0.178319014562765	0.151497327320861	0.175684315263268	0.663402850341158	0.160452439042563	0.179434479377067
	0.296574859697716	0.556993563678367	0.507195846414983	0.448040790354905	0.489546557796325	0.531799690142576	0.723904016413027	0.68740865575678	0.648762092241987	0.529138763388384	0.419702127644562	0.497960095675469
	0.355131496975716	0.573035696393666	0.397831715283437	0.493392914358553	0.265434985193059	0.362729804620754	0.540319824609099	0.398084372822838	0.58639999692716	0.395507752820803	0.534142513252571	0.514155767546614
	0.345206560090615	0.252786792803067	0.246028937814365	0.496103830557634	0.588814926961097	0.530503718283527	0.484803416540739	0.365487421612594	0.524708833613436	0.394586159576753	0.398732220150382	0.476737897459966
	0.263283613693787	0.291732587515437	0.341007597374163	0.286304253797426	0.563723959535126	0.378116597099926	0.255022994639124	0.374609110106119	0.446656671487167	0.243475534739754	0.318778160276531	0.399219000264539

	Iteration: 12
	0.601171252345751	0.189577807973272	0.235888498052751	0.54271497211892	0.436053856765764	0.733156512150174	0.71487675774161	0.768587168932153	0.283174277621074	0.56662756578263	0.876464891976829	0.198252005210125
	0.535848926862894	0.156148166121441	0.186911705379194	0.649016747646833	0.392915622551479	0.723325383686739	0.646678796851074	0.630934234569786	0.281487420750376	0.624997477059199	0.65781029889468	0.19162182254595
	0.146662319236002	0.205759231315193	0.165995738041858	1.03875413524994	0.686029561671802	0.37180484985278	0.194615219826251	0.153645396092792	0.194519276811506	0.693036653092346	0.165767570484962	0.178171667412837
	0.12931786686203	0.163787675347776	0.148151682936364	0.764669227206596	0.862735335596196	0.372202818061115	0.182782394633514	0.155926891934232	0.174202177376698	0.661054689730138	0.163302403090807	0.182624065313322
	0.286863526575161	0.55063953398428	0.521035165006231	0.449876055052305	0.484117226352424	0.529728828934034	0.719910972665565	0.707709899965772	0.657029296736423	0.545489748268995	0.426384210909045	0.504269505992216
	0.356436677448463	0.578823109683179	0.406541526506394	0.494208937242983	0.268572219851686	0.351113811733646	0.543510507989794	0.400720136406237	0.588458332994987	0.396722384532713	0.544134938844043	0.537249439109004
	0.342995697717852	0.256791704137133	0.253487107588422	0.496206387862061	0.585549082127783	0.531291253260471	0.486937141100136	0.368412578430253	0.53016242814971	0.390139492815021	0.393576300836031	0.477948736824219
	0.265410564546891	0.290311140814395	0.349054977597124	0.288880637637874	0.560685982120801	0.37898800059233	0.25239188025931	0.394709473881684	0.476601361606015	0.245770659791943	0.322642125174851	0.410103706012307

	Iteration: 13
	0.608147766211018	0.188089084572547	0.23663205175238	0.539464122581406	0.434062116500092	0.731271883323693	0.727684038505846	0.769341410262518	0.279837856542805	0.569234164438803	0.875397289679785	0.197904982895969
	0.557912981049854	0.159352936782876	0.192867587405559	0.647636386901976	0.390323610082613	0.708310399746737	0.651649539181032	0.629599490373325	0.278693880952965	0.629347145929068	0.666789433155054	0.188001596206659
	0.148528758931605	0.215702320873571	0.170926262858027	1.05560529257151	0.680526792782088	0.365377894432541	0.193050367883241	0.152488826738193	0.197692070709181	0.690539401508821	0.163003904185998	0.176094158293811
	0.132416486570085	0.170225733318744	0.150145089664989	0.830380305568569	0.896281574958946	0.367173200391313	0.180406592130767	0.152309401575609	0.176571553938181	0.681494455242713	0.160841552343123	0.179977616534651
	0.269782299784828	0.537238022999759	0.521251052335948	0.455888883534394	0.465906071342257	0.526733552572725	0.712832258847443	0.717818902582306	0.654229261334434	0.542148860132474	0.428901031559795	0.504977715483287
	0.35458109654262	0.585094773310282	0.403537684359726	0.476808664744995	0.254787610726252	0.339235643229637	0.542348070504231	0.394337582183759	0.579329069859125	0.394555336470692	0.550552711435355	0.532692654663508
	0.34205240015716	0.259042660571808	0.260433859928025	0.493418714388377	0.588386086110972	0.53615628218992	0.479103043339462	0.363434065838826	0.527923319052912	0.390236119217035	0.384316675011876	0.473465433472931
	0.26229903525274	0.28883392120534	0.336532311742593	0.286725644621384	0.555411943142198	0.376844323352218	0.249982778596766	0.383956581362385	0.510910930980619	0.249443266275852	0.326815824104345	0.399707366259543

	Iteration: 14
	0.606454183266669	0.189988792727475	0.235423176256742	0.544882247765231	0.436600191137229	0.73653481749696	0.716905027890386	0.768823032697715	0.288637445026233	0.564290068735692	0.888529227807993	0.19833896761167
	0.538117942654697	0.157274078549616	0.192256509769659	0.650277459173499	0.39397524283175	0.727825656753979	0.648483618536819	0.62833571176025	0.283322169921357	0.629719537791273	0.667414850416078	0.191507226687135
	0.145936645943382	0.207988663390403	0.170098875556457	1.05268238244079	0.681992040644947	0.37160405338625	0.193918170810896	0.154504651639652	0.196493613287315	0.693010097797628	0.166567897507503	0.177959475473445
	0.130015156644588	0.168559926624163	0.15015445350861	0.85443631953179	0.87745078371049	0.378965203007742	0.183248886908492	0.156379052123308	0.175768115333217	0.711557718577009	0.164328511231284	0.182841704138687
	0.265564742905882	0.521187787607349	0.533481343214117	0.459070411816059	0.453499405611163	0.53233411971979	0.70887783103154	0.740600076918545	0.664518577075282	0.540627485162703	0.432320361188482	0.503929710886848
	0.358985970031538	0.583555256119839	0.397518168782102	0.48380292676408	0.248340567504957	0.324108101709329	0.539492810091781	0.392404159496584	0.574061192938079	0.383626841086653	0.550577726321943	0.557848633256218
	0.349122523032915	0.253613343681079	0.26790396564622	0.489891914099393	0.583023737265534	0.531509484269341	0.483516594684112	0.358130133227854	0.524348515240305	0.388194253577957	0.386927488197625	0.469762751508936
	0.262346013694968	0.2877286920822	0.338873080531699	0.290125304555759	0.546189863027963	0.369639011222762	0.243455220161673	0.379624833950807	0.499518082202634	0.251456785289363	0.32797768719456	0.398492663178875

	Iteration: 15
	0.609310261843113	0.188195754816366	0.233637781700558	0.540731046144504	0.434127385527648	0.734511874301135	0.724219959508238	0.76772747292421	0.284977862470622	0.557818707298095	0.878545371010159	0.199329474392344
	0.552808362575176	0.16080796333474	0.194678761326407	0.647487371453581	0.391790176983532	0.710908012300491	0.645840572611682	0.627446048371392	0.28160305393587	0.628851707008435	0.667129933327738	0.188027138433444
	0.148597565447454	0.211750463443585	0.170990115066937	1.06040511695292	0.666506847660319	0.364642664135304	0.191567739833498	0.152531193659342	0.197760635325433	0.677244501648036	0.163307832243111	0.175886083572398
	0.131517935297887	0.178799488646531	0.15201013243344	0.896526283757639	0.885967067587322	0.375163888214566	0.180419141654973	0.152506479119729	0.178002529571056	0.760922432392143	0.161259232663571	0.180625005609611
	0.255791860245436	0.51121456860025	0.528335545479806	0.459985594268961	0.450953338295058	0.534241704772733	0.706182794302934	0.753155955837334	0.667168424715784	0.53472239592051	0.433611128097998	0.500041711888838
	0.355619658218998	0.573102334380533	0.397896936556707	0.481582812253114	0.247658751861068	0.320140230907557	0.53954301779515	0.392702780747952	0.576289622767367	0.387124387847412	0.548194550870702	0.55851202247604
	0.342484148815129	0.253024802813183	0.277888918372579	0.48488689482004	0.585021490796013	0.531524975799369	0.488018777192814	0.360388265404637	0.531777142933231	0.385357508222467	0.383591777062941	0.464721056192063
	0.262112686983745	0.285885671331022	0.331826036448102	0.290470376858757	0.548510771938605	0.365490304279855	0.237915210265931	0.376126857363459	0.501001592109517	0.2508409008163	0.332907787872793	0.399746875175637

	Iteration: 16
	0.605142429873589	0.190526031366656	0.227529294019587	0.545783629904609	0.438339911788293	0.741649781404419	0.708071369026318	0.763947099902488	0.29495694091627	0.549804402925993	0.88940163384027	0.202409002241036
	0.531099863428469	0.160148106514126	0.188279448617885	0.65034966339101	0.396056906512855	0.722732209215787	0.640839485993435	0.627303800970563	0.283872835545579	0.625138970933706	0.666868282322469	0.193202851438196
	0.145358599770573	0.209148913505114	0.167484801617061	1.05388575873807	0.663070978388903	0.372539620091765	0.194891498491356	0.156291787714269	0.19589952401485	0.674548310714265	0.168099791291942	0.178164800756422
	0.128285991584448	0.171372196491617	0.147107255635494	0.87194174142075	0.861342611271295	0.386700407165834	0.182974864552454	0.156733632795957	0.176413607188631	0.737031856411413	0.164246889488	0.183708293665879
	0.252105367492207	0.504102880619536	0.530516363810972	0.460735164385966	0.452885576676966	0.541259303569869	0.703613208148143	0.764871638207701	0.667572790392344	0.539194552569457	0.440207588319003	0.504663842804666
	0.35402858517066	0.560695019159646	0.401255057017724	0.474829054664127	0.248479994952948	0.317653527769713	0.540539765317315	0.396523150066532	0.574567852795214	0.409220779295981	0.553432984875331	0.566810833022973
	0.332639547246593	0.251949974524325	0.287902253671843	0.486807525611473	0.587315032253669	0.524456579366694	0.497196856885339	0.367288970576573	0.551502816843545	0.395738457028873	0.389169335654324	0.460367988343197
	0.276866003836596	0.287437168330014	0.332104452308883	0.293993313087552	0.541152736717879	0.36422090078358	0.235653993360835	0.376449964568594	0.503756610176001	0.25407999305687	0.339549626492464	0.397914537626152

	Iteration: 17
	0.611009967446111	0.189710485964857	0.232226467763362	0.542616716102207	0.43487417580235	0.738496907788064	0.72141087965965	0.76964347394773	0.293414207537862	0.549240715754405	0.885181008251772	0.202132518769303
	0.551358325761618	0.162384044045971	0.188674496584495	0.646946929754083	0.394166126170757	0.710165768357179	0.64663106451646	0.627258151187095	0.285097622914885	0.630214200618195	0.677010155034269	0.18897837820674
	0.148076539990097	0.207096984651564	0.170342205435143	1.04689492407087	0.662314724360104	0.366733554924201	0.193561010613579	0.154660740179679	0.198231084524126	0.672187950449482	0.165612897377758	0.176995309024619
	0.129923535103767	0.174229395166809	0.150689112569425	0.89307398869193	0.878908758054123	0.383832272953149	0.180945921152414	0.15316837258448	0.17853075752183	0.77227101460114	0.16208196464545	0.182262836438503
	0.252687475177202	0.502563960272833	0.513046264617495	0.446415800793375	0.445635048017884	0.540506695220663	0.699289451097504	0.774500357608839	0.665629506103177	0.534929583272237	0.441394999418324	0.502095185806636
	0.352479687130621	0.566580234312752	0.401326012155036	0.447804958044999	0.248897811418447	0.308888829969396	0.539380939515747	0.390458950439539	0.56653748774101	0.418641993148744	0.546647512234398	0.548187233664486
	0.325345950843275	0.251893750768638	0.302403084877548	0.478647685720915	0.590515178166567	0.519955963862927	0.487001963353791	0.36132089222518	0.556512952900433	0.392099613748959	0.377235091608347	0.457503455565591
	0.304574020324444	0.285222208819731	0.327116554056006	0.284823819265725	0.533772870169443	0.361615070671939	0.234685242612107	0.350470073157146	0.501867565045307	0.251656359642739	0.341489221967185	0.394481369940341

	Iteration: 18
	0.609935695500372	0.191728720097087	0.229411905340702	0.547276473098152	0.437986640736516	0.7436191042543	0.715810049536273	0.768849788223725	0.302825425006446	0.547140680555102	0.890507486542372	0.20177842837516
	0.536563578378012	0.161671906265086	0.185814377474441	0.650584873174395	0.398660650330621	0.723520366923874	0.642241991069456	0.624398822032844	0.291499138125486	0.62989613841501	0.678916161344317	0.192118539442486
	0.145297249259143	0.198543037999972	0.167378226956057	1.05257484966688	0.6672858445239	0.37395312860266	0.196964646796784	0.157406170847574	0.197698600206283	0.675161484524558	0.170117871219851	0.178716976751556
	0.128500299527878	0.168406697461165	0.147422355691741	0.882932539160593	0.862690047053279	0.395863129497823	0.183427662862955	0.157803284615714	0.17621159370611	0.781240362990032	0.164951760419182	0.184438530217624
	0.245178076669335	0.489766530799775	0.503063577440346	0.438326275419515	0.448867795527824	0.546430287356539	0.697971333809551	0.786024424034229	0.66713378231303	0.538178002147524	0.445967997541564	0.511798256254175
	0.33971440015559	0.585630429650032	0.395415093666972	0.448174446784416	0.247780373834925	0.306165365385275	0.542428935566896	0.390003235270394	0.564101789681065	0.433828128896038	0.534146763853094	0.552121132664574
	0.312131421836781	0.24775033150527	0.302664920630504	0.482428490276807	0.584235278788345	0.512219698139128	0.488394799135294	0.356048190109921	0.565314886562606	0.392805095518621	0.361313278600389	0.449312773001681
	0.313306581688806	0.283182227539101	0.332217470689247	0.27911346141933	0.523426907195867	0.357722195105094	0.232002410981033	0.338915559755833	0.506293945329297	0.244871533749295	0.336135174701748	0.392298872887728

	Iteration: 19
	0.617761002339249	0.190806789429884	0.235175398153948	0.545255658209488	0.436384063707742	0.741181664891539	0.723515984316458	0.775823208221322	0.302428014815783	0.550799980633173	0.886697116437417	0.20324943052137
	0.558738375624372	0.165586214256473	0.192792689008209	0.648946610245121	0.397862771811046	0.711933073787153	0.649548683881018	0.630002133269543	0.292442622925508	0.636465224978635	0.696317457981931	0.18904814104722
	0.14808935414666	0.208631673667995	0.173029721726805	1.03839654405485	0.676547740807019	0.369509035207643	0.197104165546486	0.155478756795604	0.200755365773634	0.674033756481958	0.166909608897935	0.178343993611387
	0.130326479067502	0.175971164768874	0.150396227613798	0.900506603939118	0.889558981679525	0.394425903308549	0.181477743479761	0.154325573680595	0.181444406876795	0.841720765158859	0.162856238172169	0.182863158507708
	0.246534994975019	0.497474124716234	0.494539914977474	0.44495260615265	0.454012771431923	0.542387057136871	0.694266100914581	0.793078272213722	0.665869303138854	0.541085065941854	0.445564560204789	0.509264777369563
	0.343012121032464	0.598895649655085	0.388609561433343	0.457226821633225	0.249145460047846	0.311334193481552	0.546313701363005	0.396236330400172	0.563254027486559	0.436654522799456	0.529925228018286	0.551231567056485
	0.311047583059478	0.247840464729489	0.29994786187352	0.482628527136092	0.586926066642563	0.521372106197577	0.492125441931139	0.360979362143028	0.559197440127121	0.400972395030916	0.358699242348824	0.452703476394462
	0.299753727226137	0.281539689473211	0.33087028548862	0.279409694675673	0.527302225324118	0.362756539953987	0.235261534854885	0.342900819614343	0.504389886309902	0.241599723634715	0.332331408745469	0.392968849304928

	Iteration: 20
	0.608571355024366	0.191071652145858	0.230215513385626	0.547887334307608	0.439515383642396	0.749411400497592	0.70891596867048	0.763146942198257	0.311145925083032	0.530500908216319	0.893955581447139	0.203120485681881
	0.534506798987257	0.161432784113483	0.188172757817963	0.650277459173499	0.401961995372674	0.714936909629543	0.641751597311806	0.622969232412472	0.293075735583379	0.628205489053986	0.692018501554633	0.192070195726616
	0.141841503243529	0.19461910985502	0.166310879147917	1.03255849421472	0.664399990542889	0.375739052224123	0.200087134867128	0.157614506106482	0.1940703118925	0.661354637847306	0.17153077911186	0.179809653843459
	0.126163106926047	0.167027020231351	0.143438277438643	0.872898861231088	0.868201480024507	0.405463479531261	0.185078654533751	0.157840811887761	0.174573476105127	0.836789318181489	0.165922905584143	0.185050748264778
	0.246575183510161	0.499974913976944	0.488500653852392	0.451991082285051	0.459044189902606	0.541841562507498	0.697940343101737	0.798161791849791	0.66804695524227	0.551337688102222	0.447758503723631	0.512551214488156
	0.348903269986734	0.619951421657378	0.394749558570931	0.496536293277627	0.255733644327103	0.314365328284637	0.550239411681555	0.415117090652275	0.569693700395277	0.450774385004956	0.523522298347217	0.560487214827444
	0.315295672605273	0.249828879344127	0.299846240149264	0.488053179228362	0.586042186085471	0.525701253341248	0.497494959496414	0.38129574642814	0.555650084809107	0.417458789757495	0.353921909717677	0.462354677303045
	0.306092447753242	0.282058758238277	0.33133368638161	0.283449429411458	0.528764956322958	0.3677803724736	0.241613449653395	0.360980313107376	0.505795909520842	0.241231450407047	0.326800001979167	0.405178066069

	Iteration: 21
	0.618161409199231	0.190177424494749	0.233407324486766	0.545193158606066	0.435940829885597	0.746289625688098	0.719713258447209	0.764731868150505	0.311324862945154	0.532900288534256	0.88619009642203	0.204379831246484
	0.554759211817805	0.165604407115883	0.193735671838051	0.646089853230074	0.398795501843987	0.709034640524729	0.646249394583556	0.624573271819245	0.299072876971545	0.635011512249964	0.708530508942524	0.189625234097939
	0.145450641790777	0.204965059649593	0.168059537388756	1.01737210126959	0.679616735418167	0.370911725472424	0.196205251606221	0.156749675952327	0.19597821203817	0.664445891165912	0.168584350609351	0.178898898793328
	0.128445181669709	0.180461812749987	0.1450102902683	0.949469369920408	0.906653220258852	0.402605190976332	0.183353743032484	0.154973085658621	0.180370200561141	0.891416133626393	0.163274051953625	0.183665302412327
	0.246855876227387	0.491141325555551	0.485212107156969	0.448379078914348	0.447881618540371	0.538276689348986	0.69264257589428	0.795510419486718	0.670567156711114	0.537564927835948	0.441834673069648	0.508338546582815
	0.346739812640165	0.605447873192687	0.396476709571397	0.505809183066386	0.253397279540682	0.312043901438847	0.548270657124507	0.412866173186002	0.570515621725576	0.440816316662814	0.516150800036241	0.563114661572344
	0.308920883276987	0.247687322637461	0.298343695031592	0.477704805690126	0.587617802093136	0.517671868223562	0.498902316538917	0.385942312321279	0.560156138030606	0.403972134188413	0.345783765209788	0.467356668244152
	0.30037774512734	0.279698243589971	0.328255409967593	0.281734564697735	0.526303361576224	0.364864253969361	0.24475217889113	0.358989756481767	0.505482771550626	0.23873113437989	0.323593879703425	0.401926464363333

