Results of Photometric1

	Plate:1 - Wavelength:600

	Iteration: 1
	0.753216957855389	0.259930193663398	0.299001140393076	0.628633258762667	0.537810625267031	0.779389742653889	0.782137288080365	0.868697099859694	0.372521064776341	0.579289766123983	0.93444659956731	0.211944741828669
	0.729484253033465	0.222001054842613	0.238050613523337	0.731122446935022	0.532400440486095	0.798075926647693	0.717578905326866	0.687515542135974	0.371630366083683	0.704061370573157	0.757731342148442	0.244377588616828
	0.227377554902017	0.307342960781373	0.222634045621521	1.12902343218224	0.860539756890182	0.444114590096579	0.261436142608488	0.196420691119232	0.248031051829036	0.734235521926808	0.227845529238121	0.202191232040779
	0.203393629578167	0.25527490732781	0.200374801485949	1.10610337837543	1.04738428562322	0.514384507082154	0.247274328096596	0.21873676658182	0.223227794185071	0.989227810088132	0.215773108190486	0.233634235278571
	0.417746973122489	0.638851459458815	0.710837774447002	0.614830224172525	0.519777728205115	0.621440382370269	0.757281102017968	0.862880290678386	0.803542576744188	0.682731509743934	0.502029387201297	0.583648934312664
	0.509347739967919	0.775331604844065	0.532133807841935	0.695928619511185	0.333786745260892	0.383191246292847	0.626461808181898	0.530798876570964	0.662659351915687	0.570212222451433	0.596221435302019	0.614286306314449
	0.450486810689254	0.362309893954037	0.385935261800042	0.683970097389865	0.672086716757858	0.670807755553672	0.619370021709975	0.47244398350581	0.68104115387454	0.55137601596455	0.454024552999	0.563532893555138
	0.504146514419392	0.464349289673734	0.540882116856625	0.382790084632	0.647492889632571	0.519038146698813	0.305774100388623	0.52942178267557	0.614097203005589	0.384985495655752	0.463879002504724	0.476551722845185

	Iteration: 2
	0.664411465243849	0.200709338548835	0.267941575638871	0.571681907094514	0.464059821922349	0.766482235333874	0.740358547759062	0.854617053971315	0.331058426992771	0.595621958854713	0.917220435025131	0.216392308197582
	0.613101935698538	0.171700489767694	0.198965218552395	0.677510510240788	0.444474035796593	0.760664561902869	0.681958186766308	0.649155209977751	0.327487037048776	0.666207161979489	0.725375986533413	0.205809123191668
	0.16611411684247	0.248245929112264	0.198099699505852	0.981769211268804	0.803037013610196	0.395276141993212	0.208145146388388	0.171700489767694	0.218493530558793	0.683778084794166	0.183236886918444	0.193936295462302
	0.149121552151587	0.208629664869742	0.165778490668399	1.02682872183029	0.948828333862868	0.459264741692956	0.197333751870862	0.166880413080029	0.190235185296393	0.987063577520104	0.174069824260661	0.198741968090779
	0.384766458967573	0.618183760373005	0.639013774782462	0.554006592770425	0.455230317766795	0.581463090942821	0.699961428710624	0.8119409266446	0.730004422154024	0.626437274542648	0.464988006973475	0.540893629160856
	0.4564204840527	0.705173300667678	0.456103103014887	0.625287501746618	0.283419997339585	0.338449419544796	0.584343417865223	0.484888159765863	0.611624306498969	0.515959172245232	0.547934134227577	0.600340430020556
	0.383199253289276	0.325111232096208	0.387122367910658	0.628992699695168	0.630681113613003	0.619514867583333	0.558724881070365	0.42758314800061	0.619891002640514	0.486307217012695	0.405081215569415	0.513370308566597
	0.408208157798788	0.401359406819616	0.470764437957133	0.330210659490547	0.605307643029216	0.526598462903504	0.28173139529543	0.470921198653345	0.576628547456171	0.33232161601964	0.425377140547344	0.474197924772638

	Iteration: 3
	0.669414520988557	0.198197744263657	0.272997803357835	0.56324796716893	0.453985675040507	0.766985714708034	0.747865090217503	0.840749503729903	0.32780673356119	0.599868741838052	0.911271149083139	0.21219041252288
	0.624370916568733	0.173219151049499	0.202269088843543	0.67077282164411	0.431912603416077	0.734460185285259	0.702173426153324	0.648433844038294	0.327901895321506	0.67069714114529	0.736279741193501	0.198507057090637
	0.162940612603427	0.249641181361255	0.202210365046195	0.9924924809373	0.840766726133534	0.386503699602342	0.203166107940847	0.166544802168338	0.218747047160565	0.678759972664528	0.177594622995166	0.191374642249408
	0.148909664022233	0.205392867954978	0.170042506220866	1.00557145470399	0.951590786393092	0.45149884033057	0.19211144869406	0.160190029432339	0.194368922294352	0.9872203937427	0.170235540292598	0.193610167410814
	0.368863611504821	0.609971124354202	0.587036478256965	0.524826694875342	0.441241676339347	0.57980256626868	0.697764770850526	0.804811707772635	0.712616370062634	0.604144145179833	0.459068027940321	0.529805975125178
	0.42953196553919	0.685342656845092	0.428770952841109	0.583042765517581	0.266965538670236	0.323533679595748	0.584664813425523	0.458815411289817	0.59970723219466	0.476312295521669	0.537206630246588	0.566621458206328
	0.381405375981114	0.315588527573359	0.359789436749612	0.596756271726474	0.627201973424516	0.612740121989841	0.534869971303452	0.418792972195411	0.606132980558181	0.45840819767234	0.395025112444386	0.504571181171755
	0.34389076076196	0.37365243405997	0.428921047128876	0.323320864959892	0.595546878442595	0.525993164632204	0.256286263619501	0.444849928561598	0.559669011301778	0.306056412524464	0.408782111374816	0.46577774016821

	Iteration: 4
	0.66379226483208	0.19910800188026	0.283121811811574	0.563689076139639	0.454399373613067	0.769896979781552	0.736051879365523	0.834808528488268	0.336360653664757	0.604162456952336	0.925280590454114	0.213199523838706
	0.6119902764499	0.171766916342028	0.196724179970236	0.67333041062293	0.433541441001257	0.754716544666898	0.711333939477805	0.648345370124037	0.330990970665996	0.671495360786106	0.74435186216008	0.201606432776669
	0.161438189943612	0.245459325286683	0.200227660505598	1.02457885061413	0.8109267585544	0.391090417546672	0.204854854359549	0.168573970247814	0.209144220737968	0.68218924215232	0.182574875126647	0.194848683247268
	0.146217838209105	0.195909928224785	0.166670625869491	1.01633444238452	0.969250555279801	0.461434494174054	0.193764141806199	0.164222103698828	0.189071824559275	0.981047000696077	0.172823726297231	0.196018537046141
	0.365068677301497	0.57274756607105	0.556995057087175	0.502853905526386	0.427179811760084	0.583674342051624	0.710905883713782	0.800578169472279	0.711206117458163	0.594158600104743	0.461498016519111	0.53797497728356
	0.409504609327851	0.664784558163853	0.41731260440424	0.562704397768444	0.262104356204915	0.314519962507471	0.589076936997711	0.446918538283723	0.582953974139987	0.471256954842346	0.537520659939481	0.587840608871459
	0.387306220638124	0.31502440140425	0.337283551824115	0.584672771778453	0.622043643884918	0.59672354110135	0.523996800345594	0.402992613628637	0.602557286528642	0.459681114862656	0.405520374004955	0.50575078250028
	0.328266875359202	0.356171377279269	0.397698197515644	0.323094209973195	0.57171280376983	0.519913454871493	0.253036669654005	0.419740231912471	0.557056291270287	0.299271657437375	0.413055895623339	0.474688175144416

	Iteration: 5
	0.672334002155962	0.200949391263638	0.276555057513153	0.55993956980437	0.451769504360169	0.768008993805265	0.745519014822765	0.815815425830027	0.342025088729856	0.60314316737117	0.912518835960396	0.216012781681054
	0.624819365138138	0.172955083352698	0.192954769910775	0.667719225090381	0.428825425511614	0.740392718255624	0.726961177648281	0.646410829390865	0.328829050662727	0.677201167534858	0.755036876432217	0.198827719356023
	0.167162721569485	0.239831255919016	0.193176356808204	1.01030843903675	0.831955430077111	0.388292473479599	0.204236630138611	0.165680825448736	0.208225415956195	0.693099983810074	0.180598011788701	0.190429703149276
	0.151226777426458	0.190608890725548	0.164566813554761	0.993123909543397	0.970351664125186	0.457338403818649	0.191959347789445	0.161106756798101	0.1905594301366	0.985382370774193	0.170217152398279	0.193540961412209
	0.363650255536089	0.56188503102167	0.547748426747843	0.504960492957071	0.416891648980944	0.580942015189675	0.71519694755368	0.791514771880387	0.697263231920763	0.585825087527542	0.459679921245875	0.525609550300911
	0.400130714569593	0.644589002633375	0.415521233420708	0.539289169791685	0.264871370918347	0.321703745281795	0.590781444738452	0.436759809741396	0.57286217566856	0.457357399386562	0.536972683021942	0.590787901712823
	0.38448830097744	0.316252892609066	0.322629936725285	0.567477355713938	0.636004594775514	0.588177440377019	0.519987505480994	0.396621207423051	0.602610364974943	0.46229943531676	0.403101573060362	0.505863608844956
	0.320244117097106	0.343281369445536	0.375687895677963	0.323132558656638	0.57866295944021	0.516708496477439	0.257339679637837	0.407446533873012	0.556404068474014	0.297227167389194	0.414499210273292	0.492908158845433

	Iteration: 6
	0.657288847642999	0.203393629578167	0.266032191939874	0.561661560931309	0.456068773447227	0.77636733778598	0.738247477453161	0.796774417773686	0.351144489765112	0.594827743736076	0.927398933804307	0.21783781492469
	0.590808887542555	0.170070077264366	0.185563494942598	0.672232734418047	0.432531111380654	0.754784830888524	0.716706519898759	0.645126516237137	0.334429464579101	0.667636367814766	0.754641206811791	0.202830334515796
	0.160087026077103	0.22568684250689	0.186871580236476	1.0196498483061	0.776840294679706	0.395286433185326	0.207310553615639	0.168142488903112	0.202495480698504	0.678270023463398	0.18769520660091	0.192315192679592
	0.144327789270387	0.179288005055349	0.160451839753244	0.983520192465038	0.964827989785754	0.466855203550329	0.193487285848551	0.164334557896623	0.185036795802699	0.965252167100024	0.171487132382839	0.195424447306217
	0.362099137354361	0.539107121645211	0.547706032237333	0.517532749086035	0.406099224634083	0.577897566544542	0.724022468140505	0.787954427652773	0.69110237121146	0.588543439185847	0.459807656849076	0.535122668668946
	0.389163247271671	0.636303859196604	0.406288124260934	0.537946389855996	0.268449245338554	0.314002453153191	0.596839745987355	0.428897695721298	0.572663951124637	0.473206767211191	0.539352259393836	0.579841916441849
	0.385387685374402	0.316234019192103	0.303281481233134	0.562501679806539	0.633742602012048	0.576923955587448	0.517283264632143	0.379753901515738	0.606303589917554	0.468284628769015	0.415642010366004	0.508107630817387
	0.324643049463134	0.345182717558035	0.363958464042159	0.328033217543124	0.576189713899118	0.516816037399331	0.261495128022998	0.396797766476707	0.558960346231349	0.298948376220752	0.404364982185808	0.516334352720368

	Iteration: 7
	0.666645233907914	0.202048750652333	0.267104947739377	0.559164419295364	0.452493274899507	0.773833058792686	0.744064583989701	0.778364188781374	0.351630048920988	0.592136281911102	0.923058027397822	0.219059007089306
	0.602368247266789	0.169713626769082	0.182502361294644	0.666049717771742	0.426667317591052	0.739130197036941	0.725010824279804	0.644815627934173	0.335650476999234	0.672135383856594	0.768990890080534	0.198611082777307
	0.161447199810027	0.228625907653886	0.181860983663874	1.00527369541874	0.791320049711851	0.390384660661093	0.206475562762234	0.165526183227018	0.205814445330133	0.682284887246517	0.182932576963797	0.189734205625311
	0.146312962984819	0.183167419807719	0.162812249434255	0.970607056359481	0.963687442808549	0.462242999674331	0.189907975615509	0.160438655597445	0.189735487806026	0.97440921296174	0.168711377478905	0.191795061326128
	0.353438455780469	0.518329877881125	0.546765646529692	0.525519255622237	0.402729756779277	0.573327119274443	0.721840689536384	0.777452684277116	0.678605816146288	0.575796545998147	0.459925875597586	0.525223498392236
	0.377216334593937	0.617791921903526	0.391288194385096	0.516590096138505	0.264577270247609	0.30223692185084	0.588890459650558	0.420175946861536	0.549029521545925	0.451048108133279	0.533423344201769	0.561196869880015
	0.380436611645764	0.307866054209672	0.283998663527998	0.546147620379659	0.63524213435214	0.568144902906611	0.504878364149863	0.369179419778871	0.601950662760022	0.456602964711443	0.415551424508306	0.504462659826241
	0.316679478959449	0.334370427035539	0.347455466482342	0.324163139446222	0.568970036137353	0.505192391961417	0.261075598307621	0.389172379877658	0.54394939927931	0.295912069095494	0.391047611738307	0.511599122537766

	Iteration: 8
	0.656223421173001	0.204973027381037	0.261040844655381	0.562736175579561	0.454016305868487	0.778172788043329	0.735792578204871	0.773705133377203	0.361587453216764	0.586950066779725	0.933081138529179	0.219435027968446
	0.581787104622888	0.167302118207135	0.180512019406516	0.670652515237673	0.430377986418335	0.755680609395261	0.717107945031121	0.64320622917112	0.345690112249916	0.671907668782249	0.767596482323486	0.20301206939667
	0.158262173811011	0.224821358977866	0.179350594874632	1.0225586489162	0.75982992109059	0.397798590768354	0.209393678074666	0.168710155889773	0.201206032660665	0.676300010687034	0.191424195773087	0.192720385568684
	0.14234704999292	0.177612079037253	0.159526923989078	0.971731017539693	0.962698091757772	0.473756309054182	0.193727907625182	0.164870021468757	0.187917317514923	0.963063128204418	0.171869036260959	0.195436788825241
	0.355151200551176	0.506206249602794	0.551150519835063	0.545868048521051	0.410842274154094	0.578521699429455	0.732120407206926	0.780545143560726	0.678584080526354	0.575107800465263	0.46325996499684	0.529102348557125
	0.376000831926826	0.621000599219012	0.387116308156764	0.518754974054618	0.270702892123578	0.303908090750474	0.59370982611919	0.433214510566098	0.543316552211353	0.45849627585675	0.537116745368337	0.577124134538359
	0.388085933673517	0.309084560725864	0.284910012875419	0.53694558752415	0.639969056350207	0.573783247441488	0.505969825128333	0.367161625069957	0.608428431665157	0.465691803696686	0.42783819657484	0.504808169577269
	0.328607447291098	0.342682860951594	0.35001918868536	0.324803137389322	0.582024341049877	0.50961011311788	0.261096754066352	0.404559436835541	0.544726875772743	0.306755022962729	0.389846693557745	0.529346105990224

	Iteration: 9
	0.668923401630382	0.20372454231067	0.256835097748222	0.559653985214875	0.452218639696035	0.774796168322113	0.737463838355626	0.765831965304913	0.364161503403516	0.589530604068268	0.923589155637692	0.220192861469748
	0.591518158852864	0.169407019506311	0.184496799529573	0.666057396652904	0.426479296476381	0.743584678968968	0.728459078195263	0.648183214744862	0.34730615946376	0.67380504411153	0.778200125841952	0.200447733573362
	0.161378729512731	0.237676029375057	0.176482624095561	1.00919865335488	0.778123087363284	0.39450705133573	0.20921595857281	0.167027628662896	0.204797771047744	0.68099147854891	0.188175951772699	0.189528464665519
	0.144855896861382	0.183763935723873	0.159491642598598	0.954076456815754	0.964179150930547	0.47072158355378	0.192235231112941	0.161988735555381	0.190678273511648	0.972986311483838	0.169822000862394	0.192939915358151
	0.340511991082121	0.496333644512645	0.536512289307056	0.569825964708172	0.412460209877066	0.571561431058843	0.731745065864648	0.776535661307132	0.665485691410291	0.567061423387712	0.461838558779663	0.526622135375883
	0.366878126027561	0.606204895940127	0.385531558624854	0.503603387732493	0.266117028292038	0.303135790784491	0.59567093133472	0.424997886398653	0.529873313910701	0.419598718623836	0.533491246258667	0.5584625702741
	0.378299644786365	0.305623385678016	0.288774324775973	0.522341753730731	0.648144527521246	0.570809982921893	0.503489826667899	0.356556209551664	0.608495683857543	0.473957324215689	0.42924809873865	0.49883438740254
	0.31930830687078	0.335488134481858	0.347093347456995	0.323049764599589	0.591080180304258	0.505213600335583	0.26359583744418	0.381094498746434	0.538369676070656	0.293113963189729	0.387183980208576	0.516334352720368

	Iteration: 10
	0.659745320032985	0.202421543850469	0.249587463145385	0.561750633198345	0.45322178162396	0.777946695870607	0.732151700299677	0.759177634128954	0.371876028166781	0.567582931331673	0.931826145969176	0.220629060402428
	0.568405463356859	0.164453089536191	0.180692811443534	0.668824857967056	0.430697204892244	0.756100847192812	0.718723868006469	0.643966392138176	0.347685057028844	0.670293734400513	0.774961416998962	0.203460453631187
	0.15741807302762	0.224853331697172	0.173734174597081	1.02800663480235	0.75461060454085	0.39997776228476	0.211106862913618	0.169511033637282	0.197986648696985	0.669085757599802	0.19438317781649	0.192039258572383
	0.139434456470922	0.172150297740835	0.154253490530022	0.952013349230483	0.964171523298569	0.478165402797269	0.19362633862613	0.164419220052232	0.186872853993555	0.960468913748579	0.171128903203405	0.194713129480976
	0.346953372177319	0.483206509477251	0.531950504702422	0.606139669858813	0.416778093378148	0.576748874662274	0.733838152466568	0.780103083011508	0.670650575084836	0.567497244810238	0.464419273337147	0.531313775257398
	0.372949992807867	0.60802513706374	0.384253461485915	0.497924899890163	0.271924354257378	0.30365800514527	0.596468326848793	0.442693548651586	0.529131760299085	0.403351025438353	0.534302647941191	0.57608826747473
	0.395434653397734	0.304889817402366	0.293163582760801	0.51775645261855	0.646910189432514	0.569895188835273	0.514603885350545	0.360354078634595	0.605436185616162	0.484564453832344	0.434138639799738	0.501358810238144
	0.330246983775694	0.338712239423099	0.354091292620473	0.322885966028051	0.600350331065432	0.507036081429036	0.263963805033776	0.387587200954494	0.543601726098559	0.28577768970923	0.418231682281649	0.525912521899847

	Iteration: 11
	0.668954321897874	0.201499711138397	0.253360165937074	0.558317243364911	0.450963867255893	0.773975789301396	0.743261214600564	0.749890805652331	0.375585600659636	0.575799664977496	0.919368526488925	0.218863577397739
	0.578826250474439	0.166311486576999	0.182080129989928	0.663204459605194	0.426124490185331	0.74326580106364	0.732165112315425	0.641316156131746	0.358621678614466	0.67719328906972	0.785991528592201	0.200034613592303
	0.158870203429402	0.234198480453561	0.173450650818256	1.01633014190692	0.777946695870607	0.396403446887511	0.21000451439285	0.167765674979985	0.20492522318491	0.671135883266786	0.190387325501429	0.189506037742438
	0.140390181373906	0.175817161393483	0.156305440172232	0.937918642545649	0.97517913143391	0.474500406844734	0.190328902494711	0.160623270210413	0.192199769001729	0.973960398311568	0.169029718540053	0.191661745058967
	0.338566810831858	0.487595982191262	0.522728011561978	0.606819170400732	0.423128512461055	0.573350379525955	0.731289729911438	0.778351757600785	0.669371961115912	0.562432111869491	0.46356094306618	0.533284743791487
	0.367668334114562	0.595715011288788	0.380763937688733	0.493758127454012	0.277703611015349	0.312001422166975	0.598208719124631	0.444287363397586	0.526022366555661	0.398378634857531	0.529159773333862	0.589612700867623
	0.39228967429944	0.307322789730953	0.297959410576238	0.500420427577666	0.660675305410168	0.572365236632893	0.519388606110803	0.359354356907532	0.598368029662625	0.481702087535063	0.433819131889928	0.498955883542612
	0.324211193967374	0.340891360520635	0.353074117101972	0.322251394520897	0.614482311040594	0.507782154714751	0.265804515018337	0.39074503386829	0.540978541830345	0.280938978627181	0.421702213551805	0.528949719603163

